RainyCreek/arcinfo/rainy30/rainydem.asc
ncols         329
nrows         256
xllcorner     394455.34375
yllcorner     761412.75
cellsize      30
NODATA_value  -9999
[rows 96 to 119 of 256, columns 270 to 323 of 329]
1038.000000 1045.000000 1049.000000 1055.000000 1073.000000 1094.000000 1109.000000 1118.000000 1128.000000 1138.000000 1135.000000 1155.000000 1159.000000 1162.000000 1192.000000 1204.500000 1233.000000 1249.000000 1270.000000 1290.000000 1302.000000 1319.000000 1337.000000 1351.000000 1375.000000 1399.000000 1415.000000 1430.000000 1449.000000 1466.000000 1480.000000 1494.000000 1509.000000 1521.000000 1538.000000 1553.000000 1572.000000 1590.000000 1610.000000 1625.000000 1637.000000 1650.000000 1660.000000 1667.000000 1673.000000 1676.000000 1686.000000 1687.000000 1672.000000 1652.000000 1630.000000 1614.000000 1607.000000 1595.000000
1049.000000 1055.000000 1062.000000 1070.000000 1092.000000 1109.000000 1120.000000 1128.000000 1139.000000 1150.000000 1165.000000 1174.000000 1167.500000 1188.500000 1193.000000 1210.000000 1222.500000 1252.000000 1275.000000 1294.000000 1308.000000 1330.000000 1348.000000 1366.000000 1386.000000 1403.000000 1422.000000 1439.000000 1459.000000 1475.000000 1489.000000 1505.000000 1519.000000 1534.000000 1549.000000 1560.000000 1576.000000 1597.000000 1619.000000 1634.000000 1648.000000 1659.000000 1667.000000 1676.000000 1685.000000 1690.000000 1698.000000 1691.000000 1679.000000 1660.000000 1642.000000 1633.000000 1624.000000 1616.000000
1056.000000 1065.000000 1079.000000 1088.000000 1105.000000 1122.000000 1130.000000 1141.000000 1155.000000 1167.000000 1179.000000 1191.000000 1203.000000 1213.000000 1204.000000 1221.000000 1226.000000 1240.000000 1277.000000 1297.000000 1317.000000 1338.000000 1355.000000 1376.000000 1398.000000 1413.000000 1426.000000 1443.000000 1463.000000 1480.000000 1495.000000 1512.000000 1526.000000 1545.000000 1558.000000 1570.000000 1585.000000 1606.000000 1626.000000 1644.000000 1656.000000 1665.000000 1675.000000 1688.000000 1701.000000 1711.000000 1710.000000 1700.000000 1689.000000 1672.000000 1659.000000 1654.000000 1645.000000 1641.000000
1065.000000 1085.000000 1096.000000 1102.000000 1115.000000 1131.000000 1143.000000 1155.000000 1169.000000 1183.000000 1196.000000 1208.000000 1219.000000 1228.000000 1235.000000 1229.000000 1245.000000 1248.000000 1263.500000 1299.000000 1322.000000 1345.000000 1360.000000 1383.000000 1403.000000 1419.000000 1432.000000 1451.000000 1470.000000 1484.000000 1500.000000 1517.000000 1532.000000 1552.000000 1564.000000 1582.000000 1598.000000 1616.000000 1635.000000 1652.000000 1662.000000 1671.000000 1687.000000 1704.000000 1719.000000 1727.000000 1723.000000 1721.000000 1704.000000 1688.000000 1680.000000 1672.000000 1665.000000 1665.000000
1082.000000 1099.000000 1104.000000 1111.000000 1124.000000 1141.000000 1155.000000 1170.000000 1187.000000 1198.000000 1209.000000 1223.000000 1234.000000 1243.000000 1252.000000 1262.000000 1254.500000 1267.000000 1269.000000 1285.000000 1327.000000 1347.000000 1364.000000 1388.000000 1409.000000 1424.000000 1439.000000 1460.000000 1478.000000 1491.000000 1505.000000 1522.000000 1542.000000 1558.000000 1576.000000 1594.000000 1609.000000 1626.000000 1643.000000 1658.000000 1668.000000 1682.000000 1702.000000 1718.000000 1734.000000 1739.000000 1736.000000 1733.000000 1724.000000 1716.000000 1705.000000 1694.000000 1687.000000 1686.000000
1101.000000 1107.000000 1116.000000 1130.000000 1140.000000 1155.000000 1171.000000 1188.000000 1201.000000 1212.000000 1226.000000 1240.000000 1251.000000 1261.000000 1274.000000 1285.000000 1292.000000 1280.500000 1292.000000 1294.000000 1311.500000 1350.000000 1369.000000 1393.000000 1413.000000 1429.000000 1448.000000 1467.000000 1483.000000 1497.000000 1511.000000 1529.000000 1550.000000 1566.000000 1588.000000 1604.000000 1619.000000 1635.000000 1652.000000 1665.000000 1677.000000 1696.000000 1714.000000 1731.000000 1746.000000 1754.000000 1752.000000 1751.000000 1744.000000 1738.000000 1730.000000 1721.000000 1717.000000 1703.000000
1108.000000 1115.000000 1129.000000 1142.000000 1156.000000 1170.000000 1188.000000 1203.000000 1214.000000 1230.000000 1245.000000 1256.000000 1269.000000 1281.000000 1290.000000 1302.000000 1312.000000 1317.000000 1305.500000 1330.000000 1328.000000 1340.000000 1368.000000 1397.000000 1416.000000 1435.000000 1455.000000 1474.000000 1488.000000 1502.000000 1518.000000 1540.000000 1558.000000 1576.000000 1596.000000 1613.000000 1628.000000 1644.000000 1661.000000 1672.000000 1690.000000 1709.000000 1724.000000 1738.000000 1756.000000 1768.000000 1771.000000 1770.000000 1767.000000 1768.000000 1757.000000 1742.000000 1717.000000 1691.000000
1118.000000 1125.000000 1143.000000 1159.000000 1172.000000 1188.000000 1204.000000 1217.000000 1234.000000 1248.000000 1260.000000 1274.000000 1286.000000 1298.000000 1309.000000 1321.000000 1334.000000 1343.000000 1349.000000 1340.500000 1354.000000 1353.000000 1365.000000 1382.000000 1420.000000 1441.000000 1460.000000 1478.000000 1493.000000 1507.000000 1526.000000 1547.000000 1566.000000 1583.000000 1603.000000 1619.000000 1635.000000 1653.000000 1667.000000 1681.000000 1700.000000 1717.000000 1731.000000 1742.000000 1762.000000 1779.000000 1784.000000 1785.000000 1783.000000 1783.000000 1762.000000 1737.000000 1708.000000 1690.000000
1137.000000 1146.000000 1154.000000 1172.000000 1188.000000 1206.000000 1219.000000 1236.000000 1251.000000 1264.000000 1276.000000 1289.000000 1302.000000 1314.000000 1328.000000 1339.000000 1351.000000 1360.000000 1369.000000 1378.000000 1367.000000 1384.500000 1388.000000 1390.000000 1406.000000 1447.000000 1465.000000 1483.000000 1499.000000 1511.000000 1534.000000 1555.000000 1571.000000 1588.000000 1608.000000 1626.000000 1643.000000 1659.000000 1674.000000 1690.000000 1707.000000 1723.000000 1736.000000 1748.000000 1767.000000 1785.000000 1794.000000 1798.000000 1802.000000 1791.000000 1764.000000 1735.000000 1707.000000 1691.000000
1155.000000 1163.000000 1169.000000 1186.000000 1204.000000 1221.000000 1239.000000 1253.000000 1268.000000 1279.000000 1292.000000 1304.000000 1318.000000 1329.000000 1342.000000 1355.000000 1369.000000 1381.000000 1391.000000 1399.000000 1407.000000 1414.000000 1402.000000 1414.000000 1423.000000 1436.000000 1472.000000 1490.000000 1503.000000 1518.000000 1543.000000 1562.000000 1577.000000 1596.000000 1616.000000 1634.000000 1650.000000 1666.000000 1680.000000 1697.000000 1715.000000 1729.000000 1741.000000 1755.000000 1773.000000 1790.000000 1801.000000 1810.000000 1816.000000 1798.000000 1765.000000 1735.000000 1715.000000 1695.000000
1170.000000 1176.000000 1184.000000 1198.000000 1212.000000 1232.000000 1254.000000 1270.000000 1281.000000 1294.000000 1305.000000 1320.000000 1329.000000 1341.000000 1356.000000 1371.000000 1386.000000 1397.000000 1407.000000 1416.000000 1425.000000 1430.000000 1434.000000 1425.000000 1435.000000 1458.500000 1480.000000 1496.000000 1509.000000 1526.000000 1551.000000 1569.000000 1583.000000 1603.000000 1625.000000 1641.000000 1658.000000 1673.000000 1688.000000 1705.000000 1722.000000 1735.000000 1747.000000 1762.000000 1781.000000 1796.000000 1808.000000 1822.000000 1824.000000 1799.000000 1766.000000 1750.000000 1723.000000 1701.000000
1178.000000 1186.000000 1202.000000 1212.000000 1220.000000 1236.000000 1259.000000 1274.000000 1293.000000 1303.000000 1316.000000 1327.000000 1339.000000 1353.000000 1370.000000 1385.000000 1397.000000 1408.000000 1420.000000 1429.000000 1439.000000 1446.000000 1454.000000 1460.000000 1453.500000 1470.000000 1486.000000 1500.000000 1513.000000 1533.000000 1556.000000 1572.000000 1588.000000 1611.000000 1632.000000 1646.000000 1665.000000 1680.000000 1695.000000 1713.000000 1729.000000 1740.000000 1755.000000 1771.000000 1789.000000 1801.000000 1820.000000 1838.000000 1829.000000 1800.000000 1783.000000 1760.000000 1733.000000 1707.000000
1186.000000 1199.000000 1216.000000 1225.000000 1237.000000 1251.000000 1265.000000 1277.000000 1294.000000 1307.000000 1321.000000 1334.000000 1347.000000 1364.000000 1379.000000 1393.000000 1401.000000 1417.000000 1429.000000 1441.000000 1454.000000 1463.000000 1471.000000 1478.000000 1482.000000 1485.000000 1492.000000 1502.000000 1516.000000 1539.000000 1559.000000 1576.000000 1594.000000 1619.000000 1637.000000 1654.000000 1671.000000 1686.000000 1703.000000 1722.000000 1734.000000 1746.000000 1762.000000 1780.000000 1795.000000 1809.000000 1828.000000 1846.000000 1836.000000 1827.000000 1814.000000 1773.000000 1745.000000 1724.000000
1195.000000 1213.000000 1225.000000 1233.000000 1246.000000 1264.000000 1276.000000 1287.000000 1297.000000 1309.000000 1327.000000 1339.000000 1354.000000 1370.000000 1385.000000 1396.000000 1408.000000 1422.000000 1437.000000 1452.000000 1466.000000 1477.000000 1485.000000 1491.000000 1497.000000 1502.000000 1505.000000 1511.000000 1521.000000 1546.000000 1564.000000 1581.000000 1604.000000 1626.000000 1641.000000 1662.000000 1678.000000 1694.000000 1712.000000 1728.000000 1740.000000 1754.000000 1771.000000 1787.000000 1801.000000 1816.000000 1836.000000 1851.000000 1858.000000 1851.000000 1826.000000 1783.000000 1760.000000 1744.000000
1208.000000 1222.000000 1231.000000 1241.000000 1259.000000 1272.000000 1286.000000 1296.000000 1302.000000 1314.000000 1328.000000 1340.000000 1356.000000 1374.000000 1390.000000 1400.000000 1414.000000 1428.000000 1445.000000 1461.000000 1476.000000 1490.000000 1499.000000 1512.000000 1521.000000 1525.000000 1527.000000 1530.000000 1541.000000 1557.000000 1572.000000 1590.000000 1613.000000 1631.000000 1648.000000 1670.000000 1685.000000 1701.000000 1720.000000 1734.000000 1748.000000 1765.000000 1780.000000 1794.000000 1807.000000 1826.000000 1841.000000 1856.000000 1871.000000 1855.000000 1825.000000 1802.000000 1776.000000 1758.000000
1213.000000 1229.000000 1241.000000 1253.000000 1267.000000 1279.000000 1292.000000 1299.000000 1309.000000 1325.000000 1333.000000 1341.000000 1357.000000 1376.000000 1391.000000 1401.000000 1417.000000 1432.000000 1450.000000 1465.000000 1484.000000 1500.000000 1515.000000 1528.000000 1535.000000 1539.000000 1541.000000 1547.000000 1561.000000 1577.000000 1591.000000 1607.000000 1622.000000 1639.000000 1658.000000 1676.000000 1691.000000 1709.000000 1727.000000 1742.000000 1758.000000 1774.000000 1789.000000 1801.000000 1817.000000 1832.000000 1848.000000 1864.000000 1879.000000 1864.000000 1833.000000 1814.000000 1806.000000 1791.000000
1219.000000 1237.000000 1248.000000 1260.000000 1273.000000 1284.000000 1295.000000 1303.000000 1322.000000 1334.000000 1341.000000 1349.000000 1358.000000 1374.000000 1389.000000 1402.000000 1418.000000 1433.000000 1451.000000 1466.000000 1486.000000 1506.000000 1524.000000 1537.000000 1547.000000 1553.000000 1557.000000 1567.000000 1581.000000 1597.000000 1610.000000 1623.000000 1637.000000 1654.000000 1669.000000 1681.000000 1699.000000 1717.000000 1734.000000 1751.000000 1767.000000 1783.000000 1795.000000 1808.000000 1823.000000 1837.000000 1855.000000 1873.000000 1891.000000 1880.000000 1854.000000 1847.000000 1826.000000 1790.000000
1234.000000 1244.000000 1256.000000 1268.000000 1279.000000 1289.000000 1299.000000 1312.000000 1330.000000 1342.000000 1350.000000 1358.000000 1366.000000 1376.000000 1387.000000 1402.000000 1419.000000 1434.000000 1449.000000 1467.000000 1488.000000 1509.000000 1529.000000 1546.000000 1560.000000 1569.000000 1577.000000 1585.000000 1600.000000 1614.000000 1627.000000 1644.000000 1657.000000 1667.000000 1680.000000 1697.000000 1714.000000 1728.000000 1744.000000 1759.000000 1776.000000 1788.000000 1800.000000 1815.000000 1830.000000 1843.000000 1861.000000 1881.000000 1903.000000 1901.000000 1879.000000 1848.000000 1821.000000 1783.000000
1241.000000 1252.000000 1262.000000 1274.000000 1286.000000 1296.000000 1305.000000 1321.000000 1337.000000 1347.000000 1356.000000 1365.000000 1376.000000 1386.000000 1397.000000 1409.000000 1424.000000 1438.000000 1453.000000 1474.000000 1496.000000 1514.000000 1532.000000 1548.000000 1568.000000 1581.000000 1591.000000 1602.000000 1616.000000 1632.000000 1647.000000 1659.000000 1667.000000 1680.000000 1696.000000 1713.000000 1725.000000 1739.000000 1755.000000 1770.000000 1783.000000 1795.000000 1807.000000 1824.000000 1836.000000 1850.000000 1868.000000 1888.000000 1910.000000 1917.000000 1876.000000 1851.000000 1828.000000 1789.000000
1246.000000 1255.000000 1266.000000 1281.000000 1291.000000 1301.000000 1312.000000 1328.000000 1341.000000 1352.000000 1361.000000 1371.000000 1385.000000 1396.000000 1407.000000 1418.000000 1433.000000 1449.000000 1465.000000 1488.000000 1506.000000 1522.000000 1539.000000 1555.000000 1573.000000 1588.000000 1601.000000 1614.000000 1629.000000 1644.000000 1658.000000 1669.000000 1682.000000 1698.000000 1714.000000 1725.000000 1737.000000 1754.000000 1769.000000 1781.000000 1791.000000 1802.000000 1818.000000 1832.000000 1841.000000 1857.000000 1876.000000 1895.000000 1913.000000 1911.000000 1866.000000 1838.000000 1810.000000 1775.000000
1240.500000 1256.000000 1267.000000 1286.000000 1295.000000 1304.000000 1316.000000 1332.000000 1345.000000 1356.000000 1365.000000 1376.000000 1391.000000 1402.000000 1414.000000 1425.000000 1439.000000 1457.000000 1472.000000 1494.000000 1511.000000 1530.000000 1545.000000 1560.000000 1577.000000 1593.000000 1607.000000 1619.000000 1635.000000 1649.000000 1663.000000 1678.000000 1694.000000 1711.000000 1722.000000 1735.000000 1749.000000 1766.000000 1778.000000 1788.000000 1799.000000 1813.000000 1828.000000 1839.000000 1850.000000 1864.000000 1882.000000 1900.000000 1919.000000 1915.000000 1878.000000 1847.000000 1817.000000 1779.000000
1248.500000 1260.000000 1275.000000 1289.000000 1300.000000 1309.000000 1321.000000 1336.000000 1348.000000 1358.000000 1368.000000 1378.000000 1393.000000 1405.000000 1418.000000 1430.000000 1444.000000 1461.000000 1475.000000 1497.000000 1513.000000 1533.000000 1547.000000 1563.000000 1580.000000 1595.000000 1608.000000 1622.000000 1639.000000 1652.000000 1667.000000 1681.000000 1699.000000 1715.000000 1728.000000 1740.000000 1756.000000 1770.000000 1781.000000 1793.000000 1807.000000 1823.000000 1836.000000 1850.000000 1859.000000 1870.000000 1887.000000 1902.000000 1917.000000 1911.000000 1885.000000 1855.000000 1827.000000 1781.000000
1258.000000 1271.000000 1281.000000 1294.000000 1305.000000 1314.000000 1326.000000 1340.000000 1351.000000 1361.000000 1370.000000 1380.000000 1394.000000 1407.000000 1420.000000 1433.000000 1447.000000 1461.000000 1477.000000 1496.000000 1515.000000 1533.000000 1547.000000 1564.000000 1581.000000 1595.000000 1609.000000 1624.000000 1640.000000 1655.000000 1669.000000 1682.000000 1700.000000 1716.000000 1729.000000 1742.000000 1757.000000 1770.000000 1781.000000 1795.000000 1811.000000 1827.000000 1841.000000 1854.000000 1866.000000 1877.000000 1892.000000 1903.000000 1909.000000 1884.000000 1873.000000 1856.000000 1828.000000 1794.000000
1268.000000 1270.500000 1288.000000 1299.000000 1309.000000 1317.000000 1331.000000 1343.000000 1354.000000 1363.000000 1371.000000 1381.000000 1395.000000 1408.000000 1421.000000 1434.000000 1449.000000 1462.000000 1479.000000 1496.000000 1517.000000 1533.000000 1547.000000 1564.000000 1580.000000 1594.000000 1609.000000 1625.000000 1642.000000 1658.000000 1671.000000 1684.000000 1700.000000 1715.000000 1730.000000 1743.000000 1755.000000 1769.000000 1781.000000 1796.000000 1810.000000 1827.000000 1840.000000 1853.000000 1867.000000 1883.000000 1896.000000 1911.000000 1904.000000 1874.000000 1857.000000 1849.000000 1829.000000 1803.000000
