RainyCreek/arcinfo/rainy30/rainydem.asc
ncols         329
nrows         256
xllcorner     394455.34375
yllcorner     761412.75
cellsize      30
NODATA_value  -9999
[rows 0 to 23 of 256, columns 216 to 269 of 329]
1179.000000 1162.000000 1148.000000 1137.000000 1129.000000 1121.000000 1111.000000 1102.000000 1077.000000 1065.000000 1070.000000 1067.500000 1077.000000 1080.000000 1080.000000 1078.000000 1074.000000 1069.000000 1063.000000 1057.000000 1050.000000 1044.000000 1037.000000 1024.000000 1013.000000 1005.000000 995.000000 983.000000 972.000000 967.000000 960.000000 951.000000 941.000000 932.000000 921.000000 912.000000 902.000000 893.000000 886.000000 874.000000 864.000000 856.000000 847.000000 838.000000 824.000000 811.000000 797.000000 786.000000 774.000000 763.000000 753.000000 743.000000 731.000000 723.000000
1193.000000 1175.000000 1156.000000 1143.000000 1133.000000 1124.000000 1115.000000 1093.500000 1083.000000 1083.000000 1079.500000 1087.000000 1092.000000 1094.000000 1093.000000 1091.000000 1087.000000 1082.000000 1074.000000 1067.000000 1061.000000 1054.000000 1047.000000 1039.000000 1027.000000 1014.000000 1004.000000 993.000000 988.000000 983.000000 976.000000 966.000000 955.000000 944.000000 932.000000 924.000000 918.000000 910.000000 900.000000 890.000000 878.000000 867.000000 857.000000 847.000000 835.000000 821.000000 810.000000 797.000000 785.000000 772.000000 762.000000 753.000000 742.000000 729.000000
1203.000000 1180.000000 1162.000000 1147.000000 1136.000000 1129.000000 1122.000000 1105.500000 1087.000000 1092.500000 1100.000000 1101.000000 1108.000000 1109.000000 1107.000000 1105.000000 1102.000000 1097.000000 1089.000000 1079.000000 1072.000000 1065.000000 1057.000000 1048.000000 1040.000000 1029.000000 1014.000000 1007.000000 1001.000000 996.000000 988.000000 981.000000 969.000000 958.000000 951.000000 941.000000 931.000000 922.000000 914.000000 904.000000 891.000000 879.000000 868.000000 858.000000 844.000000 831.000000 820.000000 809.000000 796.000000 782.000000 771.000000 761.000000 752.000000 740.000000
1207.000000 1183.000000 1164.000000 1150.000000 1143.000000 1136.000000 1113.500000 1108.250000 1111.000000 1111.000000 1109.000000 1117.000000 1124.000000 1124.000000 1121.000000 1118.000000 1114.000000 1109.000000 1103.000000 1096.000000 1086.000000 1075.000000 1067.000000 1059.000000 1050.000000 1041.000000 1029.000000 1022.000000 1015.000000 1008.000000 1001.000000 991.000000 980.000000 975.000000 968.000000 957.000000 945.000000 935.000000 925.000000 916.000000 904.000000 890.000000 878.000000 868.000000 854.000000 839.000000 828.000000 818.000000 808.000000 793.000000 782.000000 770.000000 760.000000 749.000000
1208.000000 1183.000000 1168.000000 1158.000000 1149.000000 1131.500000 1125.000000 1117.000000 1118.000000 1123.000000 1124.000000 1131.000000 1137.000000 1137.000000 1135.000000 1131.000000 1126.000000 1121.000000 1114.000000 1107.000000 1101.000000 1091.000000 1079.000000 1069.000000 1061.000000 1051.000000 1046.000000 1039.000000 1031.000000 1022.000000 1011.000000 1002.000000 996.000000 990.000000 981.000000 972.000000 961.000000 950.000000 938.000000 928.000000 917.000000 905.000000 890.000000 878.000000 864.000000 850.000000 838.000000 828.000000 818.000000 806.000000 793.000000 781.000000 768.000000 757.000000
1209.000000 1191.000000 1178.000000 1165.000000 1153.000000 1140.000000 1126.500000 1128.000000 1137.000000 1133.000000 1139.000000 1148.000000 1153.000000 1155.000000 1152.000000 1147.000000 1140.000000 1132.000000 1126.000000 1119.000000 1112.000000 1104.000000 1093.000000 1081.000000 1071.000000 1064.000000 1059.000000 1052.000000 1045.000000 1036.000000 1026.000000 1019.000000 1013.000000 1006.000000 997.000000 987.000000 975.000000 966.000000 955.000000 941.000000 930.000000 919.000000 903.000000 891.000000 876.000000 862.000000 851.000000 839.000000 828.000000 816.000000 806.000000 793.000000 781.000000 766.000000
1211.000000 1198.000000 1184.000000 1170.000000 1151.000000 1147.000000 1145.000000 1147.500000 1148.000000 1149.000000 1158.000000 1169.000000 1177.000000 1175.000000 1169.000000 1162.000000 1154.000000 1146.000000 1137.000000 1130.000000 1123.000000 1114.000000 1104.000000 1093.000000 1082.000000 1079.000000 1074.000000 1065.000000 1057.000000 1047.000000 1042.000000 1038.000000 1031.000000 1022.000000 1015.000000 1004.000000 991.000000 981.000000 969.000000 956.000000 943.000000 933.000000 919.000000 903.000000 889.000000 874.000000 863.000000 852.000000 840.000000 826.000000 815.000000 804.000000 790.000000 775.000000
1215.000000 1202.000000 1190.000000 1184.000000 1171.500000 1157.000000 1156.000000 1165.000000 1161.000000 1169.000000 1181.000000 1188.000000 1191.000000 1189.000000 1182.000000 1176.000000 1169.000000 1161.000000 1152.000000 1142.000000 1134.000000 1127.000000 1115.000000 1104.000000 1098.000000 1095.000000 1088.000000 1078.000000 1069.000000 1062.000000 1059.000000 1053.000000 1046.000000 1040.000000 1032.000000 1021.000000 1009.000000 997.000000 985.000000 971.000000 955.000000 943.000000 932.000000 914.000000 899.000000 885.000000 873.000000 862.000000 850.000000 837.000000 824.000000 811.000000 796.000000 779.000000
1220.000000 1207.000000 1202.000000 1180.500000 1175.000000 1179.000000 1180.500000 1180.000000 1185.000000 1194.000000 1199.000000 1204.000000 1206.000000 1205.000000 1199.000000 1191.000000 1183.000000 1176.000000 1168.000000 1158.000000 1149.000000 1140.000000 1128.000000 1119.000000 1116.000000 1111.000000 1104.000000 1095.000000 1082.000000 1079.000000 1073.000000 1067.000000 1061.000000 1054.000000 1046.000000 1038.000000 1024.000000 1014.000000 1002.000000 986.000000 972.000000 956.000000 943.000000 929.000000 910.000000 895.000000 883.000000 872.000000 858.000000 844.000000 829.000000 815.000000 799.000000 770.000000
1233.000000 1224.000000 1201.000000 1198.000000 1188.000000 1188.000000 1195.000000 1197.000000 1210.000000 1216.000000 1220.000000 1225.000000 1226.000000 1221.000000 1218.000000 1209.000000 1200.000000 1192.000000 1183.000000 1175.000000 1166.000000 1155.000000 1142.000000 1137.000000 1132.000000 1126.000000 1118.000000 1108.000000 1102.000000 1098.000000 1091.000000 1083.000000 1075.000000 1069.000000 1061.000000 1051.000000 1041.000000 1029.000000 1017.000000 1004.000000 985.000000 971.000000 957.000000 942.000000 923.000000 904.000000 891.000000 880.000000 865.000000 849.000000 831.000000 815.000000 787.500000 774.000000
1244.000000 1236.000000 1216.000000 1199.250000 1200.500000 1211.000000 1211.000000 1222.000000 1234.000000 1242.000000 1249.000000 1251.000000 1251.000000 1245.000000 1237.000000 1231.000000 1223.000000 1209.000000 1198.000000 1189.000000 1181.000000 1169.000000 1159.000000 1155.000000 1149.000000 1140.000000 1131.000000 1122.000000 1118.000000 1113.000000 1107.000000 1101.000000 1093.000000 1084.000000 1076.000000 1066.000000 1055.000000 1045.000000 1035.000000 1021.000000 1005.000000 986.000000 971.000000 957.000000 934.000000 916.000000 899.000000 885.000000 870.000000 851.000000 830.000000 804.000000 791.000000 795.000000
1252.000000 1229.000000 1220.000000 1225.000000 1226.500000 1226.000000 1230.000000 1249.000000 1260.000000 1265.000000 1270.000000 1276.000000 1276.000000 1272.000000 1262.000000 1250.000000 1241.000000 1230.000000 1218.000000 1206.000000 1194.000000 1184.000000 1177.000000 1172.000000 1166.000000 1157.000000 1144.000000 1136.000000 1132.000000 1127.000000 1122.000000 1115.000000 1109.000000 1102.000000 1094.000000 1082.000000 1071.000000 1059.000000 1049.000000 1038.000000 1021.000000 1004.000000 985.000000 969.000000 948.000000 923.000000 905.000000 888.000000 871.000000 852.000000 820.500000 809.000000 804.000000 811.500000
1247.500000 1241.000000 1239.000000 1237.000000 1247.000000 1248.000000 1257.000000 1271.000000 1277.000000 1284.000000 1294.000000 1299.000000 1298.000000 1293.000000 1286.000000 1276.000000 1259.000000 1247.000000 1235.000000 1223.000000 1211.000000 1203.000000 1198.000000 1191.000000 1185.000000 1176.000000 1162.000000 1155.000000 1147.000000 1140.000000 1134.000000 1127.000000 1121.000000 1114.000000 1107.000000 1098.000000 1084.000000 1075.000000 1063.000000 1049.000000 1031.000000 1013.000000 997.000000 979.000000 958.000000 931.000000 912.000000 892.000000 869.000000 850.000000 832.500000 813.000000 824.000000 842.000000
1254.000000 1250.000000 1252.000000 1263.000000 1267.000000 1271.000000 1278.000000 1286.000000 1297.000000 1305.000000 1311.000000 1319.000000 1320.000000 1312.000000 1303.000000 1295.000000 1285.000000 1264.000000 1250.000000 1240.000000 1229.000000 1226.000000 1218.000000 1209.000000 1202.000000 1194.000000 1183.000000 1174.000000 1164.000000 1155.000000 1147.000000 1139.000000 1132.000000 1125.000000 1119.000000 1111.000000 1096.000000 1083.000000 1072.000000 1059.000000 1041.000000 1025.000000 1006.000000 988.000000 963.000000 937.000000 917.000000 894.000000 870.000000 838.000000 831.250000 830.000000 845.500000 859.000000
1269.000000 1264.000000 1276.000000 1280.000000 1284.000000 1289.000000 1297.000000 1308.000000 1315.000000 1324.000000 1332.000000 1339.000000 1339.000000 1333.000000 1320.000000 1308.000000 1298.000000 1283.000000 1264.000000 1252.000000 1248.000000 1244.000000 1237.000000 1228.000000 1219.000000 1211.000000 1202.000000 1190.000000 1181.000000 1171.000000 1160.000000 1151.000000 1144.000000 1136.000000 1128.000000 1119.000000 1107.000000 1092.000000 1079.000000 1065.000000 1049.000000 1032.000000 1012.000000 994.000000 970.000000 941.000000 919.000000 895.000000 873.000000 855.500000 836.000000 850.500000 869.000000 881.000000
1278.500000 1286.000000 1291.000000 1296.000000 1302.000000 1308.000000 1316.000000 1326.000000 1335.000000 1343.000000 1349.000000 1353.000000 1355.000000 1348.000000 1339.000000 1323.000000 1308.000000 1294.000000 1278.000000 1269.000000 1264.000000 1259.000000 1252.000000 1244.000000 1236.000000 1225.000000 1217.000000 1208.000000 1195.000000 1186.000000 1176.000000 1164.000000 1154.000000 1145.000000 1137.000000 1127.000000 1115.000000 1100.000000 1086.000000 1070.000000 1053.000000 1035.000000 1013.000000 995.000000 974.000000 942.000000 918.000000 894.000000 860.500000 854.750000 854.000000 875.500000 895.000000 902.000000
1304.000000 1301.000000 1307.000000 1313.000000 1319.000000 1328.000000 1336.000000 1346.000000 1351.000000 1358.000000 1365.000000 1371.000000 1372.000000 1363.000000 1354.000000 1341.000000 1326.000000 1309.000000 1294.000000 1289.000000 1285.000000 1277.000000 1270.000000 1262.000000 1253.000000 1244.000000 1234.000000 1223.000000 1211.000000 1199.000000 1188.000000 1176.000000 1164.000000 1153.000000 1142.000000 1132.000000 1121.000000 1106.000000 1091.000000 1072.000000 1053.000000 1035.000000 1012.000000 993.000000 971.000000 940.000000 914.000000 893.000000 876.000000 857.000000 878.500000 901.000000 918.000000 920.000000
1316.000000 1314.000000 1319.000000 1327.000000 1336.000000 1342.000000 1349.000000 1357.000000 1365.000000 1376.000000 1385.000000 1391.000000 1389.000000 1380.000000 1368.000000 1357.000000 1344.000000 1330.000000 1319.000000 1311.000000 1302.000000 1297.000000 1287.000000 1279.000000 1272.000000 1264.000000 1252.000000 1237.000000 1225.000000 1211.000000 1199.000000 1186.000000 1175.000000 1161.000000 1147.000000 1136.000000 1125.000000 1110.000000 1097.000000 1075.000000 1052.000000 1034.000000 1012.000000 990.000000 966.000000 936.000000 912.000000 882.500000 879.000000 882.000000 903.000000 922.000000 931.000000 933.000000
1329.000000 1326.000000 1328.000000 1338.000000 1346.000000 1352.000000 1361.000000 1371.000000 1384.000000 1397.000000 1405.000000 1406.000000 1404.000000 1397.000000 1383.000000 1371.000000 1360.000000 1347.000000 1336.000000 1329.000000 1320.000000 1311.000000 1303.000000 1296.000000 1289.000000 1281.000000 1269.000000 1253.000000 1238.000000 1221.000000 1208.000000 1196.000000 1183.000000 1165.000000 1151.000000 1139.000000 1128.000000 1113.000000 1101.000000 1080.000000 1054.000000 1034.000000 1013.000000 989.000000 964.000000 940.000000 917.000000 900.500000 882.000000 904.500000 925.000000 936.000000 947.000000 946.000000
1341.000000 1338.000000 1342.000000 1347.000000 1354.000000 1364.000000 1374.000000 1385.000000 1400.000000 1410.000000 1420.000000 1422.000000 1418.000000 1409.000000 1398.000000 1380.000000 1370.000000 1360.000000 1349.000000 1342.000000 1333.000000 1324.000000 1318.000000 1307.000000 1298.000000 1284.000000 1270.000000 1256.000000 1238.000000 1219.000000 1209.000000 1196.000000 1177.000000 1159.000000 1149.000000 1138.000000 1127.000000 1114.000000 1100.000000 1077.000000 1053.000000 1035.000000 1012.000000 991.000000 966.000000 946.000000 908.500000 903.250000 906.000000 923.000000 938.000000 953.000000 965.000000 961.000000
1354.000000 1351.000000 1354.000000 1356.000000 1363.000000 1374.000000 1385.000000 1398.000000 1411.000000 1421.000000 1431.000000 1435.000000 1427.000000 1417.000000 1404.000000 1389.000000 1377.000000 1367.000000 1356.000000 1347.000000 1338.000000 1326.000000 1316.000000 1302.000000 1289.000000 1273.000000 1257.000000 1243.000000 1224.000000 1210.000000 1195.000000 1177.000000 1163.000000 1151.000000 1140.000000 1130.000000 1119.000000 1107.000000 1092.000000 1073.000000 1049.000000 1032.000000 1010.000000 990.000000 969.000000 948.000000 929.500000 909.000000 924.000000 940.000000 953.000000 970.000000 979.000000 976.000000
1367.000000 1364.000000 1367.000000 1370.000000 1373.000000 1383.000000 1395.000000 1407.000000 1419.000000 1430.000000 1440.000000 1442.000000 1430.000000 1417.000000 1404.000000 1389.000000 1376.000000 1366.000000 1355.000000 1345.000000 1333.000000 1319.000000 1306.000000 1291.000000 1276.000000 1261.000000 1244.000000 1226.000000 1210.000000 1195.000000 1177.000000 1163.000000 1153.000000 1141.000000 1130.000000 1118.000000 1107.000000 1096.000000 1081.000000 1065.000000 1045.000000 1028.000000 1007.000000 988.000000 968.000000 934.500000 930.250000 931.000000 945.000000 957.000000 971.000000 984.000000 991.000000 986.000000
1383.000000 1382.000000 1385.000000 1386.000000 1384.000000 1390.000000 1402.000000 1415.000000 1428.000000 1437.000000 1451.000000 1445.000000 1431.000000 1416.000000 1401.000000 1387.000000 1375.000000 1363.000000 1351.000000 1341.000000 1326.000000 1311.000000 1296.000000 1282.000000 1264.000000 1249.000000 1227.000000 1211.000000 1196.000000 1177.000000 1163.000000 1152.000000 1142.000000 1129.000000 1117.000000 1108.000000 1097.000000 1084.000000 1067.000000 1050.000000 1038.000000 1022.000000 1005.000000 986.000000 953.000000 936.000000 938.000000 948.500000 964.000000 974.000000 986.000000 995.000000 1002.000000 999.000000
1398.000000 1397.000000 1399.000000 1400.000000 1400.000000 1402.000000 1413.000000 1426.000000 1437.000000 1450.000000 1455.000000 1442.000000 1429.000000 1413.000000 1396.000000 1383.000000 1372.000000 1359.000000 1347.000000 1333.000000 1317.000000 1303.000000 1288.000000 1272.000000 1251.000000 1230.000000 1213.000000 1198.000000 1178.000000 1162.000000 1149.000000 1139.000000 1127.000000 1115.000000 1106.000000 1098.000000 1083.000000 1063.000000 1046.000000 1031.500000 1020.000000 1007.000000 992.500000 970.000000 952.000000 949.000000 955.500000 971.000000 978.000000 989.000000 998.000000 1005.000000 1010.000000 1011.000000
